0 0 0
1.4972 -0.870447 1.00035
-0.678975 -0.235919 -1.86637
-0.642446 -1.41896 1.25452
0.280836 -2.60946 2.56991
2.97805 -2.15409 0.601161
3.22491 -0.208236 1.75962
4.23435 -3.69201 0.363462
1.5079 -4.04368 3.23121
4.09088 -3.98621 2.3365
4.00994 -5.67936 0.354238
6.05153 -4.37319 2.25834
1.16756 0.427568 -2.25378
2.354 -2.79602 4.54554
2.83396 0.638636 -1.16816
-1.88384 1.31233 -2.25525
1.7952 -1.4692 -2.16238
-0.204863 0.508224 -3.70634
1.5394 0.96829 1.78602
4.1567 -2.06498 4.08094
2.04444 -1.99256 6.35071
3.81902 -1.19558 5.88626
-0.0202598 -0.0517756 -5.61745
-0.818886 -3.89185 3.64046
2.28506 -6.68564 0.243814
3.97345 -1.29513 7.87781
8.00229 -4.73316 2.00345
-1.44048 -5.29592 2.35897
1.18394 0.872891 -6.91933
9.13438 -6.19593 2.76415
2.31817 2.14243 0.366542
9.39686 -7.00268 4.5753
-1.94788 0.450605 -5.79604
-3.71834 1.1242 -1.48118
3.38595 -0.185353 9.43448
1.34394 1.23768 -8.87926
5.83849 -6.4892 0.33104
0.982805 -7.93441 -0.619143
1.66064 -5.47458 -1.22023
2.67316 -6.34949 -2.70662
1.51221 -0.505748 8.81283
-1.60701 -2.66655 5.01068
1.95074 0.225476 -5.4218
-2.61336 -1.33933 6.11781
1.67219 0.839017 9.31752
0.369467 -0.385108 -9.525
9.94709 -5.33287 5.52871
7.20094 -7.74782 -0.417032
2.95115 -4.61537 5.12294
0.725869 2.46948 9.98542
0.999648 0.551886 10.4311
1.25602 4.25492 10.7142
-4.68398 0.296983 -3.02496
0.375565 -2.58259 7.28168
-0.186623 -1.96145 -6.18794
1.40066 2.58225 -10.3588
2.21184 -8.29322 -2.802
-1.40534 2.34675 -0.611775
0.956783 -6.17875 -2.9548
1.03701 -9.69512 -3.61099
0.780894 -11.1927 -4.91161
7.93015 -7.86176 -2.27587
-6.49112 0.621166 -2.23175
-0.323141 -12.8245 -5.25545
-3.86242 -0.996372 4.59393
-4.07947 -0.931984 -1.56749
-5.42018 -2.03298 -0.572338
-0.851234 0.329393 9.70668
7.74463 -9.28911 -3.66448
-2.54521 3.50206 0.556961
-0.441845 3.14002 -10.901
-5.08575 -2.21755 5.60001
-0.148357 2.71253 -8.96943
11.4151 -6.603 6.01001
-4.30491 -0.922578 -4.5641
11.1448 -3.73127 5.54818
-0.875924 1.19043 10.704
-2.09643 2.36727 -8.67652
1.77593 -2.15385 9.91475
1.95549 -8.39427 -4.78293
11.5163 -7.97556 7.46116
9.54012 -8.82368 -2.97063
0.0752122 -13.3694 -7.13812
-2.47398 0.417017 7.06429
-1.96269 0.0499995 11.3458
10.5308 -8.64965 4.61544
-0.5153 1.82001 -12.4018
0.810046 -3.59863 5.53145
3.20103 0.584177 -8.5269
9.76227 -10.5524 -3.95157
-1.08848 -0.899377 -8.25617
1.87094 1.34876 -11.8612
2.86798 5.43765 10.7664
4.99065 0.0438371 10.606
-1.41805 -0.742641 13.0994
-2.18608 -12.3136 -4.73736
-2.2548 4.97533 1.878
11.3035 -11.804 -4.19279
-3.68079 3.17142 -7.75829
12.6893 -7.75998 4.9912
2.91612 -6.59045 5.43568
-0.0915567 5.03716 -11.4284
12.1658 -7.45341 9.27928
3.14179 7.30317 11.4334
-1.20642 -7.25948 2.65836
2.07616 -10.4104 -6.21936
-7.33499 -0.572877 -3.59635
0.954507 -10.9174 -7.79569
-3.0711 -0.514898 14.2019
3.80093 3.16986 -0.497063
-0.57211 5.5724 -13.2946
-8.76277 0.820853 -3.73406
0.666365 6.97523 -14.0005
4.73434 0.647433 -1.79146
-4.64337 0.84035 4.72266
4.21665 7.43768 9.75214
2.00785 2.47275 8.21379
-1.31882 -0.397843 15.0669
-0.496526 0.773349 16.4641
11.5582 -1.84145 6.05581
-2.90677 1.41041 10.2242
3.49454 8.94277 8.65065
-1.71992 1.04557 -13.7979
2.02981 7.25008 -12.5633
1.80271 -12.7162 -4.11482
-0.213944 -15.3281 -6.8554
10.8443 -9.44767 8.63645
10.3718 -13.0557 -5.44376
7.23871 -10.3321 -5.29425
-10.6341 1.46932 -4.0127
-12.1051 1.10029 -5.31647
-3.14396 -12.9853 -6.35948
4.58755 -1.44663 11.8772
0.438151 -7.2624 3.79651
0.390309 5.28086 12.1968
-5.79 -0.70695 6.70551
6.3081 -0.21501 12.0883
8.50151 -12.8079 -6.10761
3.00217 3.101 -11.4386
-0.0405751 4.54564 -8.17691
4.09123 2.34628 -8.20671
2.89593 7.10722 13.4085
-0.286979 -0.735836 17.7596
10.6451 -7.25208 10.5627
1.48378 -15.4398 -7.90672
9.28697 -6.46772 -1.81144
-9.18271 2.67987 -4.34045
3.83916 5.41204 13.895
-5.94094 -1.53771 -5.53622
-4.08122 0.859933 15.2457
-2.49278 2.01705 -15.366
12.5941 -0.89809 7.48303
11.2852 -7.87352 -2.74249
13.6332 -0.777816 5.77838
-1.03108 5.16608 10.7945
-0.666764 6.20728 13.6196
-3.80941 -2.85723 7.00063
-0.149158 1.43122 -14.3291
-0.785644 0.762984 -10.6859
1.22169 0.897746 17.4801
-1.37623 -15.4842 -8.4755
5.39065 8.56286 10.9165
8.07976 -13.8624 -7.75386
1.74291 -9.08344 -7.91813
1.54827 8.60386 -13.2456
2.04648 9.65667 -14.8715
3.45076 -1.09735 -5.42944
-6.16899 2.12118 4.90143
7.08714 7.75953 11.6069
0.0632268 -17.2627 -6.43074
5.1591 0.26471 1.94733
8.96528 -9.8253 9.20809
-4.50189 -14.2432 -7.1169
14.1822 -0.997215 3.86776
1.78857 1.8798 -14.1194
5.38384 8.77485 12.9052
8.2688 -11.5971 9.82104
9.26298 -5.84517 10.8948
-6.94277 0.590108 7.69988
7.80865 -5.47065 12.2156
0.0750679 -17.7012 -4.47944
-2.13262 4.5841 3.83556
-7.47178 -0.945379 8.86711
-0.966089 5.07422 15.2402
3.40716 -8.27511 -8.67765
0.523977 -2.33992 16.8826
-9.61623 2.80699 -2.92891
2.37874 -16.0079 -9.60268
-2.72231 -15.8841 -7.05137
3.21944 -2.52469 11.2484
-3.69793 5.52206 4.65411
-3.32713 5.83162 0.423051
-8.41995 -0.735495 7.94627
8.8461 -7.82156 11.2254
14.078 -6.56151 4.19425
12.7725 -1.49285 9.3842
-1.31823 -19.0771 -4.88656
11.9926 -11.4035 -6.0271
6.85792 -0.726407 13.942
-6.14842 -15.2208 -6.53952
2.19654 -8.28 4.64345
12.4877 -9.48038 -6.26512
7.75017 -11.9044 11.728
1.86277 8.68276 -16.6086
0.180598 -9.2197 -8.51602
-2.99543 7.34123 1.69232
3.19162 0.907286 -13.2968
-13.9076 0.69032 -6.0801
-10.4084 -0.855432 7.7686
12.9681 -8.05378 -3.80801
2.25576 -17.2544 -7.57338
16.0582 -6.6391 3.92484
-2.87557 -18.0467 -4.17029
-1.04017 4.8591 -15.1035
-0.909778 -21.034 -4.82568
4.35672 0.336343 -11.7748
-8.07011 -14.8776 -6.97467
7.91955 -5.63209 14.206
10.7649 -0.0946766 7.57613
-1.7849 4.71346 17.0289
2.27198 -0.769866 17.8206
13.5763 -7.52091 -5.63724
14.6702 0.932299 5.7708
-2.62595 3.49886 18.377
11.7806 -5.94213 -2.58678
11.8908 -11.404 -8.02451
11.5193 -7.51049 12.3429
8.3871 6.30712 11.159
-5.87114 -13.0712 -7.98371
-1.28454 7.53769 0.67533
1.35171 -18.7759 -6.20685
-2.24777 2.0734 19.728
0.802295 -22.0392 -5.06722
8.86517 4.36898 11.2817
-3.84069 1.65218 17.0662
1.90191 10.2544 -12.1729
-0.124344 -3.52796 18.3551
2.24044 -14.5981 -11.0146
6.99556 -7.92874 11.9764
0.421889 -4.74798 16.8674
10.7695 -10.8076 -9.56954
-14.7831 1.02723 -4.31376
-2.58599 6.51403 5.98812
3.76023 4.53885 15.6926
-13.0624 0.415609 -7.87182
3.88797 -9.07766 5.35255
11.0324 1.34982 8.93329
-0.256883 -16.7444 -9.55205
11.237 -5.55985 12.0033
12.2051 -9.15305 13.2549
2.73223 -9.00863 6.98335
4.29444 1.14226 2.77563
-9.24334 3.78765 -6.00452
-15.6494 1.06891 -6.98723
-8.13501 0.126551 10.4199
2.75032 -1.51833 19.6125
-4.86017 -18.2929 -4.143
4.11402 10.1971 7.22135
0.217327 3.10007 -15.3687
4.68906 -1.97493 19.7936
12.1294 -10.6672 7.70849
-2.41075 6.2875 -14.8186
-7.14794 -14.4842 -8.70522
-3.19614 3.19739 -16.8193
-4.72226 -3.39245 8.69776
13.2757 -6.7188 12.8796
15.3443 -7.757 -6.54191
14.6272 -7.8216 4.50086
16.024 0.905172 4.29884
3.75342 10.293 10.1032
-5.1809 -4.55591 10.2585
5.00608 -2.90647 21.5348
4.97318 0.384995 -14.0406
3.10758 -0.945478 -12.5483
12.5225 -9.12679 -1.7947
0.0118022 -7.55953 -9.61844
14.0319 -0.151187 8.65561
-5.60052 -16.6347 -7.84355
-17.1502 2.39087 -6.98543
5.70335 4.78976 15.291
3.18647 -16.6375 -11.3206
5.77461 10.6925 12.4932
-18.3472 2.14325 -5.40243
-6.75971 -17.7707 -4.48801
4.05281 4.68503 17.6657
-12.8814 2.67836 -4.36407
6.60123 8.90572 9.36182
12.8989 -9.35389 11.3899
-18.1731 3.23075 -3.73298
-4.95972 7.61547 1.43472
1.55414 -20.7496 -3.7362
6.50629 11.1598 10.6915
15.012 -5.99616 13.5601
0.145803 -21.1609 -6.73983
2.21153 11.6383 -10.7626
6.42077 11.9758 8.86751
-5.61115 -14.656 -9.97359
-2.00203 6.54918 16.107
-8.12952 -0.521384 -2.33282
-5.1235 -6.51082 9.84015
6.93674 -11.9095 -6.48625
-0.962879 7.15905 10.6415
-4.53151 -16.3898 -9.51604
4.58286 -2.99158 23.4877
11.4155 -12.5353 7.73046
-0.280359 -23.0456 -3.72002
-4.45416 -2.62236 -6.31918
1.23549 10.8064 -16.2929
-6.38522 -18.2059 -8.80048
-0.111664 8.36401 -16.6129
-1.97077 8.79464 11.1974
3.8918 -1.45497 24.5653
-7.07489 -19.1405 -5.91079
3.33863 -2.92667 25.8015
-1.85018 9.25361 -16.1814
6.40689 -12.7908 12.9154
-7.74565 -19.9305 -4.2002
1.87441 -3.15557 12.5874
3.61104 -4.82667 26.3634
2.64771 13.2677 -9.68798
11.3901 -14.3119 -4.26682
2.40965 14.6215 -8.23519
-2.074 10.9961 -15.2255
1.44025 5.87338 -8.38736
3.68797 -0.386999 26.244
-4.97627 3.67914 -16.0453
4.45799 12.1854 12.2989
3.48035 10.0923 -10.7534
16.8175 -9.04525 -6.95433
2.28718 -1.47742 27.1652
-10.6096 4.45382 -2.38016
17.7091 -7.46735 -6.10854
17.9628 -6.27096 3.43783
15.3949 -10.4237 -7.22987
-4.39701 -20.1643 -3.61069
17.4819 -4.3495 3.16085
-6.97732 -19.7575 -9.9149
2.42124 15.4422 -10.059
7.79129 -0.205262 15.6323
-8.60969 1.13322 -5.70357
-7.60398 -2.69486 9.82723
-3.33174 5.80994 -16.5285
-8.06721 -21.3836 -10.3246
14.2622 -9.87121 12.7587
5.22561 -5.99895 26.2259
-14.8452 2.83439 -5.16836
6.3537 12.0489 13.8442
5.47184 -13.9464 14.2535
19.0338 -7.85252 -4.66048
13.8516 2.31446 6.96218
12.5297 -5.88209 -6.1051
5.97557 2.08285 -13.7052
4.01195 -4.48028 22.2661
-9.44746 -13.5145 -7.4694
0.588399 -6.37935 18.0123
2.56575 10.5561 -17.7653
-0.0396475 -18.2056 -2.54748
15.2098 -10.1326 14.5005
-19.9964 3.26371 -5.24527
2.42985 6.84141 -16.0721
-7.30584 -21.7114 -3.40337
0.973784 -8.09755 17.064
-20.8115 2.80202 -7.01227
5.18098 -1.0345 21.4888
-9.65927 4.97242 -7.56123
13.3579 -5.59989 14.5353
-3.42394 -5.52846 2.46762
16.5033 -6.89374 12.5751
-20.4391 2.507 -8.95502
3.50218 -5.46891 23.9283
-1.34011 7.53564 4.80318
-6.40423 -12.1528 -9.67853
1.76438 12.1471 -14.9063
15.5587 -1.31631 5.82927
-20.1331 1.9955 -4.5144
-20.0902 4.19327 -9.97223
3.68607 11.6963 14.0779
0.498845 -11.5343 -9.64279
7.80628 -13.5174 10.1346
-11.2976 -0.519324 -4.46515
2.47606 15.3623 -6.37866
7.10099 4.72618 16.7201
10.2594 -15.3513 -5.5479
5.4128 8.84532 6.52433
15.5599 -0.681871 9.83186
-9.23426 -21.9704 -3.86612
-19.1649 2.57982 -2.12277
-2.7273 12.7077 -14.4233
0.489739 -9.33766 15.5714
6.03728 -7.77806 26.6454
3.57878 16.9761 -10.6133
-18.3124 2.31712 -0.332701
6.25588 -13.7946 16.0871
-3.77923 4.028 19.923
6.16392 1.99258 1.878
5.21441 -7.58987 5.51694
9.90985 -9.08899 -9.01526
-21.3035 4.71029 -5.69124
-8.13996 -1.0158 -5.37282
0.756021 -1.46517 28.4519
14.0382 3.81757 8.26826
1.27804 -12.3432 -11.2977
-4.48381 2.8008 14.9793
-7.98093 -18.7277 -9.88741
3.85861 11.9857 -18.2989
-2.05384 9.37357 5.13868
-5.85158 -7.08784 11.6113
-5.34965 -11.594 -11.2834
7.42825 13.0387 12.4783
-6.08297 -23.2471 -3.02135
0.928068 12.4332 -17.4149
6.1982 -3.30388 19.9789
2.29145 17.3348 -9.42546
12.8915 -12.3641 6.39178
3.31741 13.4011 13.4039
6.30407 8.68491 4.7411
19.9254 -5.91348 3.29529
-8.34044 -23.7265 -4.20822
-19.4794 4.54663 -2.30375
4.941 16.7888 -12.0656
0.115207 -13.6981 -12.1988
-5.28918 -18.7654 -6.72963
2.08257 -14.1008 -12.9453
2.37232 11.4601 10.9579
5.20225 8.70502 3.07209
-9.56092 -23.6829 -5.79205
1.8202 6.87835 -17.9766
-8.47161 -20.2991 -11.1289
-18.6169 0.340525 -0.351926
0.943212 -1.93545 30.3868
16.2891 -0.403721 11.6733
12.7795 5.14599 9.07521
-4.28404 13.9304 -14.1379
15.5128 4.46579 9.45372
-0.495126 -23.4125 -1.76571
4.61244 15.4909 -13.5514
0.799907 -3.90369 30.7115
-10.6111 -23.4826 -7.48235
-20.8807 1.72917 -1.54615
2.48585 -2.84639 -12.5476
2.19146 -4.7468 -13.097
-19.7502 5.51835 -0.576793
-3.6279 15.7016 -14.7954
-0.716206 -24.6067 -0.176752
2.56797 -20.0956 -2.14106
-3.20743 10.2856 10.6998
4.37569 4.41648 19.6211
6.86182 16.9076 -12.61
1.49991 8.79774 8.63006
4.8661 9.34044 -11.984
-1.73514 0.292062 -16.0371
-0.639525 6.51279 -17.1554
3.80579 14.9649 14.5512
-8.60592 -21.4533 -12.7567
2.08772 2.67933 17.2045
8.52 -2.05787 15.8242
0.275603 -2.85038 32.3288
-6.48121 -10.3704 -12.3889
2.43985 10.6001 -19.7608
5.49883 16.5146 -10.2964
0.415781 -4.33973 32.6252
-20.8254 1.94528 -10.8353
4.87886 18.6186 -12.8707
3.8111 -5.71542 -13.7592
4.1877 -6.80258 22.6049
1.74121 12.238 -12.3715
-19.982 2.41063 -12.588
16.4492 -12.0618 -6.77728
-7.18593 -21.7314 -5.39967
-5.33514 5.01414 -17.4906
6.38645 12.7909 7.04145
-17.7882 -0.383882 1.31795
13.466 -10.3874 15.446
-4.16371 -20.3717 -7.12073
2.20913 10.2901 -21.7231
-4.75982 15.4737 -16.4285
0.235615 -3.89348 34.5665
7.5856 -15.495 10.3356
-1.65943 10.7547 10.9496
17.0641 -10.2499 13.7602
-2.83121 0.148215 9.01368
-20.2447 5.88554 1.32602
-7.21566 5.50931 -17.958
0.529225 -14.4565 -14.0025
-0.101289 -10.9754 16.5556
-16.9267 -0.445825 -6.71525
-16.9016 2.75915 -1.67962
1.72059 -5.1476 25.7949
1.75725 19.2175 -9.83778
6.04736 2.23128 -7.80628
-5.18124 6.86358 4.64432
-5.7585 13.4306 -12.8825
17.2034 4.43415 10.5219
19.3042 -9.40566 -3.42979
20.804 -7.61476 3.87292
6.85775 17.7042 -9.43737
-1.61803 -4.85656 18.4162
1.25373 -15.0364 -15.7742
12.5699 -14.0266 5.32751
4.91576 13.6634 -18.0386
2.68521 -22.5943 -5.4499
12.6419 -15.9022 6.0181
17.9881 -2.54966 3.87101
-4.20063 4.51112 21.8174
-16.6365 -0.787091 -8.66443
-3.36324 6.22782 22.4105
-5.70606 -8.40586 10.1037
-16.4667 4.25498 -6.74467
12.0604 -10.5303 16.8616
-19.707 0.661521 -8.71384
1.48482 17.0339 -5.90618
4.39108 -21.5591 -5.58546
1.96751 14.7873 13.9103
-21.4089 -0.374581 -8.88734
7.01031 -5.11196 26.3936
-7.39186 0.539326 4.85327
-9.60486 -22.9634 -13.6062
-2.26692 -0.988546 -17.4784
-2.7181 7.60176 23.7129
-11.0357 -23.4654 -9.43666
-9.93933 -18.9288 -9.53493
4.77227 0.0959422 27.8536
8.81889 3.70753 16.6144
-14.5815 1.70203 -8.06597
17.7695 -13.5123 -6.38621
10.7565 3.32816 16.9336
3.64093 20.0543 -12.2334
3.47427 21.402 -13.7016
5.38914 9.83659 -13.8495
-5.33983 17.2684 -15.7633
16.614 -14.472 -7.70665
0.286326 10.6981 -21.3539
-1.14823 7.54886 -13.3855
-18.9984 5.04098 -11.4177
-22.5976 1.90512 -7.08658
-21.0915 6.51195 -4.84916
0.0299078 -22.6889 -8.02509
3.42104 -5.3023 28.2967
2.9118 -5.27689 -15.491
15.3172 -0.116748 13.3976
21.1346 -8.8366 -2.85908
7.75383 18.2563 -11.433
17.4853 -5.47997 -6.09288
4.01447 10.9819 -22.2351
20.828 -6.97543 -4.55408
1.23743 15.3445 -11.668
-16.5559 5.04704 -8.57897
8.69419 16.3736 -12.0123
-22.982 -0.0234911 -6.72222
7.53898 15.9399 -8.78684
2.81335 -5.10066 -11.2293
1.64675 18.2756 -4.34672
1.85761 20.2616 -4.23893
0.222647 -8.00378 19.1203
-23.0619 6.57873 -5.18561
4.63897 -7.53603 -13.7545
-23.2803 4.77037 -5.39374
-8.31373 -2.20224 7.55889
17.513 -11.0719 11.9931
11.691 -12.3753 -9.76134
-24.8492 -0.335514 -7.36724
23.0762 -8.41863 -2.62301
-6.91984 -1.81663 11.4888
0.512004 -3.30832 36.4589
-19.5356 7.08739 2.75879
-5.78268 -10.4023 10.1944
12.5992 -10.2289 18.764
-5.24498 2.87051 22.2841
-26.6587 -1.10072 -6.9927
6.63807 0.0867643 -15.1079
-8.08084 -2.46584 -2.79834
-2.85196 16.3225 -13.0598
16.1348 -12.0593 -8.7524
4.1568 -8.43077 26.451
-0.00299441 -2.45985 38.1952
-7.19962 -9.42522 -10.7794
-4.34427 16.5741 -11.7522
18.8546 -9.69378 11.4446
-1.14787 9.31158 -21.4973
11.8995 1.89631 6.84102
2.58397 20.1774 -8.29012
-4.84705 18.2342 -10.7566
4.8579 16.4648 15.3532
22.6859 -6.36867 -4.97868
-9.14102 -3.95622 9.61164
7.50291 19.5355 -9.91712
-23.5261 4.78239 -7.37853
0.111119 15.3525 14.3944
-4.61844 3.62269 24.0281
4.27475 15.0566 -19.3223
-0.664677 -1.69174 36.5046
3.82429 18.0831 14.7937
-9.35513 -3.83866 -3.49945
5.3805 -9.59081 27.177
-25.618 0.936077 -8.70591
-6.10556 -24.4105 -4.64802
11.3467 -12.4886 -11.7282
7.81395 14.5894 -11.8078
7.74562 -13.6343 14.7624
9.98932 16.31 -10.4896
-27.7357 -1.72998 -5.42938
1.64032 -9.77117 3.43223
-24.5891 5.29733 -5.34592
-11.6696 -24.4427 -11.0624
1.79836 22.0059 -3.26233
-13.5909 -1.49087 -7.57841
7.25471 -5.84211 28.2394
0.756989 -23.8293 -9.49841
12.8325 -8.29044 18.3306
-0.94652 12.0283 -17.9823
5.40557 -14.3241 17.8182
-4.93302 -18.2956 -9.97045
5.01677 -10.1567 6.60211
-27.9746 -2.91096 -7.02571
7.67749 14.3151 7.14117
-10.4091 -20.0773 -11.5728
4.47391 22.912 -14.5506
20.4804 -7.76844 -6.35693
-8.39181 -9.7872 -12.2915
3.47996 -14.061 14.1147
4.38032 -8.89074 28.7611
5.17764 0.866771 20.8682
-0.700692 16.0525 12.7059
4.56972 -10.671 25.7019
7.36087 -14.2134 8.31324
-0.961486 7.59326 -22.5036
13.3679 6.25597 10.6314
4.23866 -19.0085 -1.97675
17.6574 -12.3904 -10.0062
14.5424 -14.2654 5.09899
2.9428 -8.8295 30.1503
2.18916 -15.9851 -17.2658
5.26169 8.18492 1.14181
0.681415 7.70764 -8.63161
12.9305 -12.6511 -12.9387
-1.85884 7.69121 -24.2883
16.946 3.80559 8.22493
11.3353 -14.4689 -12.0084
-11.4964 -26.3977 -10.6775
-1.28717 8.03684 22.385
-7.77344 4.24001 -19.3994
7.51849 -8.17157 27.9304
-1.89533 5.88799 -25.1526
-10.3177 -5.32495 10.4731
4.02299 -11.4002 23.9216
4.66443 -20.4084 -7.19821
5.23761 10.6258 -23.7769
18.6575 -11.0077 -8.96326
15.3722 1.12497 2.42083
16.0693 5.76425 11.4938
-4.09719 14.5695 -18.0847
-21.4195 8.43353 -5.29634
-8.8227 0.880076 9.0543
8.29194 11.6397 14.1196
-21.7088 5.77253 2.68375
0.548632 -11.3937 3.01326
-6.29773 -13.456 -11.4187
9.78436 5.77838 12.4887
-10.4337 -27.9965 -10.1168
2.94339 15.2634 12.2307
-10.8893 -4.01773 -4.76996
-12.3328 -27.5745 -12.0615
7.04565 11.3224 -24.2727
-8.25755 -16.5498 -3.97234
11.1362 5.02664 15.9482
5.68326 -21.5616 -8.47575
3.88973 -14.3252 15.4168
9.34048 -16.4315 10.1273
21.9442 -10.157 -1.59368
-5.17584 10.2467 10.3479
-5.70384 17.2906 -17.7298
2.71074 -15.8933 -19.1944
-10.9327 -21.0413 -3.36405
7.49162 -9.08463 26.2237
-18.3669 8.69095 2.50867
-1.55921 -2.05785 32.4019
-8.97367 -12.9688 -9.33425
-18.3956 10.3211 1.35031
7.37251 2.22479 -6.30831
16.0225 -16.3358 -7.28661
7.50636 9.41594 -24.6641
-6.13397 11.11 8.81927
-3.52263 18.0815 -15.5718
10.18 11.2313 14.6376
3.59643 -10.4908 31.0518
-9.1034 5.87188 -18.5103
21.0727 -9.45448 -7.25493
19.8703 -12.5499 -9.35179
1.08722 -16.2577 -14.6691
11.665 -8.34725 19.9535
8.15447 -14.4082 15.95
-10.6122 -14.608 -6.26622
-2.59812 2.54997 -18.6146
0.0304231 20.0416 -3.45599
10.5925 -16.0825 -11.0895
-19.4613 6.82712 -12.1894
-19.7695 7.82648 4.60244
9.54199 -13.6164 -12.248
17.8306 -12.9973 12.4312
-28.0442 -3.55021 -4.66021
-24.4981 6.45677 -7.88018
1.82127 -11.0937 31.7485
8.61126 21.1982 -10.0018
-3.3108 -6.03318 9.14303
5.22648 13.7699 -20.5217
-5.27407 4.26942 -8.26412
-6.33007 3.05412 24.8924
7.87728 -0.170509 -16.6565
-18.0728 0.587941 3.04264
-5.70257 17.6827 -12.7145
-16.3836 8.74374 2.25573
-5.61024 0.914636 17.6361
18.0753 6.00371 9.6408
14.0842 -14.2743 -12.7543
-0.144337 -11.4628 31.7615
17.005 -1.05495 13.9182
1.78123 -15.2128 -20.8293
12.804 -15.3093 7.92129
-5.25284 4.76445 18.7889
23.1487 -11.6 -2.27685
15.3658 7.52486 12.1305
6.28822 -12.8481 18.8392
-12.2581 -22.5345 -3.24738
23.8299 -10.1494 -3.28342
10.5341 -17.9836 10.5354
0.340138 -4.08819 39.3046
4.06371 -16.8651 -6.81196
12.1636 4.62439 17.5165
-27.0358 1.38438 -7.36844
-10.6572 -22.2987 -15.1717
-14.3118 -27.5637 -12.3501
-29.3722 -4.2715 -6.58346
-9.2106 -6.94918 10.8422
6.15004 15.5972 7.29367
10.482 20.6534 -10.453
-8.05644 4.06156 24.8238
-21.659 5.20544 -1.08556
21.6582 -8.49329 -8.90818
19.7996 -7.78691 -9.124
25.6799 -10.9055 -3.20543
13.8222 -10.8674 20.2119
22.3407 -6.61982 -9.06429
22.0871 -10.5458 0.362943
2.72389 10.5912 15.4391
26.3678 -12.1969 -4.56886
-13.5592 4.32936 -3.46137
7.0481 1.31646 20.3213
12.7827 -15.492 -13.6618
8.19273 19.2363 -8.06385
-27.1921 2.04966 -9.23688
-19.6032 11.8588 1.77121
-1.1364 16.0411 15.7978
-1.54824 -11.0027 33.1096
4.4546 -8.7014 31.4534
-8.08744 6.62445 -20.0599
12.4079 6.4797 18.2223
4.26272 14.2859 -22.1965
27.6048 -11.3054 -2.83838
8.79907 15.8626 6.55176
-5.86282 13.6306 -18.1176
2.91133 7.02642 -7.67574
9.66473 22.2496 -8.66586
15.4754 -14.3795 -14.1873
13.4884 -17.1137 8.44654
-14.0034 -22.3433 -4.20513
-2.23157 5.45587 -27.0762
11.2014 3.15182 18.8755
-6.50621 18.7537 -16.4218
-23.3026 4.78042 1.99408
13.2409 -18.6238 9.7343
-24.3176 7.98527 -9.15734
20.0226 -10.499 12.8545
-2.52292 9.77229 8.89204
9.12363 14.7318 -8.61543
0.525337 -12.6215 33.2477
12.3435 20.117 -9.95588
-14.8204 -21.4677 -5.80699
20.842 -10.8452 1.89921
-8.23932 5.86414 -21.9036
27.7543 -11.1205 -0.852558
-6.48071 19.2633 -18.3556
11.4296 22.352 -10.9187
-1.9528 19.8063 -3.56316
-18.0213 7.86931 -13.1061
-25.1983 9.77788 -9.05262
1.97398 -2.18136 38.3137
3.76652 -19.6937 -0.158067
9.62182 -0.792354 -15.9016
8.05869 -5.3044 -2.87821
9.6741 12.0886 16.3723
-1.16035 11.4234 -22.5291
-1.22639 -0.0873625 32.482
-4.33442 -22.4016 -2.5443
6.8001 -5.81057 30.1868
13.0468 -7.83986 21.3074
-19.0257 4.90802 2.57439
-1.41323 15.7138 10.8681
-3.01561 19.9995 -15.8256
-28.3796 2.88431 -10.6129
-0.287159 0.413147 34.1753
7.58253 -0.0134591 -18.6285
-16.726 9.94658 0.314901
4.05566 -15.2667 -17.2687
-26.1617 10.3554 -7.39787
8.82546 8.34046 -25.7145
8.85597 6.44886 -25.0657
21.4003 -12.3026 -8.08778
1.07621 -8.22354 29.7647
4.84484 -11.5109 19.1977
-27.3457 1.45326 -11.5527
13.5957 2.28601 4.76438
-8.52535 5.81804 25.6574
3.48551 -14.2682 -21.2801
-12.4586 -29.541 -12.4038
8.50283 8.03805 -27.665
2.28449 -7.85939 31.7706
-2.13134 5.12238 -29.0457
1.97357 -13.2263 -20.959
21.5069 -6.82868 -10.0064
-0.485118 4.05735 -29.4402
-2.29576 21.8466 -16.0902
-16.572 7.13353 -14.2714
24.052 -5.21021 -5.86837
-3.77437 -1.73369 15.6231
-17.1643 5.24714 -14.5726
-8.5853 1.05964 -1.19588
20.6398 -9.53483 14.4944
8.48359 -18.2386 10.1112
-21.5002 11.2459 1.93171
-3.34788 8.53238 -15.0693
14.2094 20.4388 -10.5999
-9.92043 -29.8919 -9.73716
-0.139982 -15.4282 -21.3417
14.1016 -5.13154 -5.12236
9.56031 7.88087 -29.3553
22.9387 -10.7887 2.15618
3.33147 -12.2134 25.9986
1.43893 -14.2321 34.0035
4.45914 24.0264 -12.8899
-22.3926 9.97539 -4.47433
4.6615 10.2216 -25.649
5.08474 -15.4677 -21.2201
-6.76962 21.1373 -18.9918
4.48531 -23.2048 -4.82782
1.16429 15.617 -4.53155
8.22337 -3.62112 25.8405
-0.499325 -15.6798 -23.293
-16.6268 -22.3058 -5.99259
3.30981 -13.5944 33.6983
17.2203 7.46608 8.57757
-3.45357 6.04956 -28.5439
13.3203 -13.9286 -3.91002
-11.8334 -30.3537 -10.094
22.5082 -13.9648 -7.98902
1.97909 -9.14581 33.2712
13.3888 -7.74699 23.2757
4.3487 -12.6865 22.4252
-2.83385 18.7608 -17.3853
-6.79493 -0.653422 18.0072
-18.4191 -23.0157 -5.45972
-9.90881 -29.4531 -11.6884
-20.0812 -23.5194 -6.45144
4.68941 -11.5639 5.21907
15.0046 9.23203 13.1078
4.38211 14.9252 7.94394
18.301 -5.12573 -4.30145
-21.7652 7.02936 -1.8992
5.06998 -4.66565 -12.6133
11.6173 6.21683 13.1581
-17.0158 9.5644 -13.4461
-22.2211 12.2874 0.383936
2.77951 -1.40505 30.9756
-26.6362 11.5268 -5.84782
-5.12972 6.3807 23.3358
16.3339 -1.24375 15.7927
-2.60679 -9.89334 34.3937
12.0284 -17.4088 4.85452
-18.211 12.3055 1.18238
7.74469 -19.8548 9.1937
7.83481 -19.4042 11.6013
9.33644 6.16132 -26.9858
8.57744 13.0692 15.489
-15.5861 -22.0264 -3.02417
10.7379 6.37844 19.3181
-13.5585 -29.8571 -14.044
16.4504 7.58656 6.73563
-23.3253 10.3499 -9.45826
2.81227 0.5891 31.1248
-20.2118 13.714 1.33783
14.7432 -11.9567 -12.4574
25.908 -5.28086 -5.12657
20.2335 -12.284 11.9774
-1.64798 -8.82943 35.7897
-28.1111 10.6068 -7.76794
-0.386178 -5.95164 39.299
-13.2918 -29.1252 -15.8861
-18.5768 13.4939 -0.384058
-6.61469 19.4489 -12.9351
4.86243 -12.7586 32.7545
9.04327 12.7796 18.1399
17.1969 -3.53011 5.42432
6.22347 -8.35048 30.5885
13.3429 -12.7313 19.668
4.75347 -16.9543 -18.0841
-27.0754 -3.3027 -8.76869
-1.36407 21.6857 -3.21499
-23.2886 9.50427 -11.2703
0.28279 -9.09384 36.2393
2.64812 19.6235 15.2874
-21.0941 -25.2436 -6.41667
-28.5129 1.18814 -13.155
9.46355 7.65364 -31.34
-2.53696 7.76059 -29.0258
7.92683 15.9003 4.75238
-6.43817 -25.8416 -6.00503
-2.62999 21.4464 -4.48592
1.07325 20.6112 -7.05337
-12.582 -31.4463 -12.9993
3.71988 -14.3568 -23.2643
5.79282 1.69304 28.4922
1.60934 7.38637 -19.8994
10.5058 13.431 15.145
3.54879 -13.1036 35.6223
-8.17264 18.5789 -12.0318
-20.7444 9.29005 3.64982
21.2068 -10.6419 16.0606
15.3044 -7.28044 22.9401
8.491 5.15467 -28.493
-1.71091 -6.12562 37.8108
-1.41049 -16.1096 -19.9555
-29.6718 3.76899 -11.8569
11.1227 7.60479 -32.4557
6.66929 2.96121 29.7664
15.4885 1.43146 0.447878
19.4124 -12.1458 -11.2563
1.79904 -8.55955 37.4291
4.75412 -13.693 -18.2866
17.4791 -16.303 -5.91652
-0.732474 -5.76009 31.8103
15.8371 -17.891 -6.04282
27.7016 -9.45477 0.253079
-30.7486 -5.15579 -5.43304
1.96917 -3.63094 40.371
20.4521 -6.20388 5.24608
-28.0294 -4.97182 -9.31987
1.03776 2.95706 -28.7545
-17.7613 11.0285 -1.01086
15.7833 21.6538 -10.8161
23.5853 -6.96264 -10.5918
4.68988 -12.9143 -22.1265
8.54636 21.3723 -7.2589
-14.6199 -22.2396 -7.64113
16.8975 -14.7645 12.5084
-27.5771 -6.79113 -8.62309
7.93572 3.04528 31.312
-10.1629 6.1053 -21.4119
8.83143 2.48623 33.0106
11.202 23.9592 -12.0872
9.46359 -8.33693 28.3654
12.436 -10.6939 21.6431
23.0434 -11.4335 16.0503
-11.0256 7.17969 -22.8614
-11.4445 -29.8775 -16.0325
-2.46123 -15.9321 -23.5884
-2.08175 -12.9299 33.1429
-30.0665 -6.95686 -4.89374
-14.215 -25.8992 -11.2455
-27.7495 -5.49776 -5.00687
-27.9665 -7.46817 -10.4643
19.1564 -14.2344 13.275
6.30651 -11.2143 27.889
-3.24934 -2.52525 33.3637
8.24795 2.11179 34.8866
-3.48411 20.0612 -2.30216
-31.4484 -8.40218 -4.93109
-21.4542 12.5283 3.46576
7.46041 3.72176 28.0943
-8.46895 2.66602 26.1958
6.62833 21.6742 -6.77934
2.9477 -3.19504 42.0599
-23.2379 11.9147 -1.2975
-3.77126 -1.37529 34.9145
5.42727 -19.6589 -8.88832
6.52338 -18.1903 9.71714
1.3687 -17.1372 -20.0016
-1.50891 12.9361 -23.7902
-9.18966 -11.169 -8.48928
7.88418 4.77112 -25.5565
5.79835 -14.3718 32.0323
-6.05915 11.5725 -13.5585
2.98571 -20.8443 -0.334144
-7.41737 18.4813 -19.9403
9.58952 2.635 36.2746
2.27336 -15.4556 35.3477
-25.1603 11.3869 -1.13721
3.98781 20.9875 15.8745
-17.5632 11.0087 -12.1755
2.84052 15.9003 -3.478
16.5782 19.8235 -10.681
-3.11759 -9.33587 37.0481
2.24769 -8.60406 39.3776